{
    "count": 34,
    "props": [[0, 5, 100, 100], [-1, 0, 200, 100], [-1, 0, 300, 100], [-1, 0, 400, 100], [-1, 0, 200, 200], [-1, 0, 300, 200], [-1, 0, 200, 300], [-1, 0, 300, 300], [-1, 0, 200, 400], [-1, 0, 300, 400], [-1, 0, 200, 500], [-1, 0, 300, 500], [-1, 0, 100, 600], [-1, 0, 200, 600], [-1, 0, 300, 600], [-1, 0, 400, 600], [-1, 0, 600, 100], [-1, 0, 700, 100], [-1, 0, 800, 100], [-1, 0, 900, 100], [-1, 0, 700, 200], [-1, 0, 800, 200], [-1, 0, 700, 300], [-1, 0, 800, 300], [-1, 0, 700, 400], [-1, 0, 800, 400], [-1, 0, 700, 500], [-1, 0, 800, 500], [-1, 0, 600, 600], [-1, 0, 700, 600], [-1, 0, 800, 600] , [1, 5, 900, 600], [-1, 0, 500, 300], [-1, 0, 500, 400]],
    "adj": [[1], [0, 2, 4, 5], [1, 3, 4, 5], [2], [1, 2, 5, 6, 7], [1, 2, 4, 6, 7], [4, 5, 6, 8, 9], [4, 5, 7, 8, 9, 32], [6, 7, 9, 10, 11], [6, 7, 8, 10, 11, 33], [8, 9, 11, 13, 14], [8, 9, 10, 13, 14], [13], [12, 10, 11, 14], [10, 11, 13, 15], [14], [17], [16, 18, 20, 21], [17, 19, 20, 21], [18], [16, 17, 21, 22, 23], [16, 17, 20, 22, 23], [20, 21, 23, 24, 25, 32], [20, 21, 22, 24, 25], [22, 23, 25, 26, 27, 33], [22, 23, 24, 26, 27], [24, 25, 27, 29, 30], [24, 25, 26, 29, 30], [29], [26, 27, 28, 30], [26, 27, 29, 31], [30], [7, 22, 33], [9, 24, 32]],
    "escape": 2,
	"nodeBonus": 4,
	"edgeBonus": 1,
	"firstlvl": 10,
	"secondlvl": 30,
	"lossRate1": 0.666666666666667,
	"lossRate2": 0.333333333333333,
	"turns": 100
}
